110
0 1
0 2
1 3
1 4
3 7
3 8
7 15
7 17
15 16
16 27
16 28
27 16
28 5
17 29
17 2
29 42
29 43
42 71
42 72
71 85
71 86
85 99
99 107
99 108
86 100
86 101
72 87
72 88
87 102
87 103
102 109
102 103
88 104
88 83
104 83
43 73
43 74
73 45
8 9
8 18
18 30
18 31
30 44
30 45
44 75
44 76
75 89
75 90
75 91
45 21
45 22
45 23
4 9
9 18
2 5
2 6
5 10
5 12
10 11
11 19
11 20
19 32
19 33
32 46
32 47
33 48
33 49
48 77
48 78
12 21
12 22
12 23
21 34
21 35
34 50
34 51
51 79
51 80
79 92
35 52
35 53
22 36
22 37
37 54
37 55
54 81
54 82
82 93
82 94
23 17
23 34
6 13
6 14
13 24
24 38
24 39
38 56
38 57
14 25
14 26
25 40
25 41
40 58
40 41
58 83
58 84
83 95
83 96
84 97
84 98
98 105
98 106
41 59
41 60
59 24