95
105
0 1
0 2
1 3
1 4
3 7
3 8
7 15
7 16
16 27
16 28
27 39
27 40
39 53
39 54
53 73
53 74
74 87
74 88
40 15
28 29
17 29
17 30
29 6
8 17
8 18
4 9
4 10
11 19
11 20
19 1
20 31
20 32
31 41
31 42
41 55
41 56
55 75
55 76
75 89
75 90
76 91
76 92
42 57
42 58
57 77
57 78
78 93
78 94
32 43
32 44
43 59
43 60
59 1
44 61
44 62
61 79
61 80
62 81
62 82
82 56
5 11
5 12
12 21
12 22
22 33
22 34
33 45
33 46
45 63
45 64
46 65
46 66
66 41
2 5
2 6
6 13
6 14
13 23
13 24
23 35
23 36
35 47
35 48
47 67
47 68
68 83
68 84
48 69
48 70
69 85
69 86
36 49
36 50
49 50
49 71
49 72
14 25
14 26
26 37
26 38
37 51
37 52
38 1