97
0 1
0 2
1 3
1 4
3 7
3 8
7 15
7 16
15 27
15 28
27 39
27 40
39 52
39 53
52 1
40 54
40 55
54 71
54 72
55 73
55 74
28 41
28 42
41 56
41 57
56 75
56 76
75 91
75 92
76 93
76 94
42 58
42 59
58 77
58 78
78 95
78 96
16 2
8 17
8 18
17 29
17 30
29 43
29 44
43 60
43 61
44 62
44 63
63 79
63 80
4 9
4 10
9 19
9 20
19 31
19 32
31 45
31 46
32 2
10 21
10 22
21 33
21 34
33 47
33 48
47 64
47 65
64 81
64 82
65 83
65 84
48 66
48 67
66 85
66 86
34 49
49 68
68 87
68 88
2 5
2 6
5 11
5 12
11 23
11 24
24 35
24 36
35 50
35 51
50 69
50 70
69 89
69 90
12 25
12 26
25 37
25 38
37 1
6 13
6 14